303	452.20913340291395
359	279.7724947192709
624	218.3387669895021
657	228.1403586435634
659	161.28451730169616
666	164.92816766876106
690	440.8606318067517
701	360.41691455059873
706	106.5898602795082
717	381.7526683660225
737	405.45454687257813
791	345.46659886098183
851	155.07117404544863
874	269.11388283079725
898	205.90392263565548
904	287.39646513324124
1081	79.87677031920317
1087	62.281659487385
1094	372.46579905675617
1164	296.27913878114657
1187	90.00070132856709
1273	750.5095510138832
1354	211.50442074022084
1372	328.98200351461566
1445	359.9693342766227
1446	246.1802522128751
1495	138.38100402013217
1520	325.5351925942619
1530	512.1409734143862
1548	54.610185122759404
1841	141.77826561464312
1942	238.40888287225954
1990	321.32468493732233
2142	46.552162592430534
2147	157.03556888201595
2315	274.89553420534537
2321	319.5643942714446
2377	451.58182668718877
2382	856.0070469113645
2547	259.4450028996345
2700	49.56547998551536
2701	119.97009389123745
2717	61.96528401518371
2736	619.3234622089863
2833	41.00202399794641
2862	65.8740518256127
2928	157.06589435135
3055	239.0111275712464
3120	39.923662494880894
3229	115.02006200287292
3292	287.5334705768623
3335	239.91688640356074
3343	200.56793885094615
3383	302.2094191269466
3385	97.91579267547691
3392	225.0129037013789
3415	301.04237600991877
3458	582.8112985066177
3462	376.9690499067738
3464	291.9706174058209
3470	344.678476661575
3477	74.41072267142661
3610	229.79932867934613
3613	36.11169800158416
3616	129.8000176585549
3631	164.07327839437298
3634	147.36298255993955
3671	179.18275637972283
3680	44.81629556483164
3698	43.20296144339741
3755	355.83579966703996
3875	430.8855772179939
3878	75.61648386643581
4009	218.59836639397676
4010	463.2398950294837
4069	135.24425272635025
4177	124.65967191810195
4214	176.855815491452
4402	275.1559141078941
4482	188.49772394534918
4502	214.26088621139024
4518	244.7099585126745
4575	200.53178109817503
4620	287.35791192728004
4635	198.37846888839513
4660	381.0409453503024
4687	151.44511211680248
4859	90.19532186309128
4887	158.55815133042321
4910	134.33660874869898
4911	508.7825997826035
4973	790.9446962758823
5025	186.76238408201274
5192	101.97033178885891
5195	83.2330058406833
5197	68.670157684324
5233	555.7426115360824
5321	178.38545972714874
5323	149.07311772313074
5388	87.92244268566651
5399	462.81135751037937
5429	82.89278663426381
5432	34.20313908848671
5478	135.97180714629954
5483	49.46180395788133
5486	117.59638813028263
5489	369.69271070915124
5490	184.72907854429968
5494	145.4351908425479
5500	122.53513544602362
5510	282.5707188415224
5561	90.01663909856585
5584	421.1634169134678
5592	336.0057375093374
5598	69.89390955158004
5626	205.4466385437516
5648	403.64225617291913
5665	98.90275289754415
5672	267.5524068967045
5702	321.4888311297911
5724	205.98302644702056
5766	554.6543954553389
5839	73.16252557359009
5879	333.7920901554459
5910	192.76655375064368
5959	407.73155684291316
5981	651.3513590095174
5987	147.3348269551795
6082	73.12055471306083
6197	70.78874974309528
6230	61.61335943403412
6250	301.38456377336104
6340	210.44528980438477
6427	182.18162175491977
6458	97.4014762549564
6621	298.8279373165639
6658	234.29651157511293
6704	180.34562728319935
6834	104.02675201344829
6881	209.33883702168953
6888	53.434109922735416
6968	240.08319307720183
7000	66.44264919621914
7067	161.4375948066559
7072	31.095236932963214
7222	709.0513522275606
7243	95.61015491701647
7299	130.3649287742062
7316	201.23355132476178
7382	181.00976488490394
7406	394.3903899559961
7441	145.31091265338253
7446	65.9572128429856
7463	329.45904655468775
7472	268.22173806957636
7485	194.48090114828224
7548	252.51187670829054
7712	348.5170986801171
7896	73.8219654686421
7955	566.2047387011571
7990	180.09894483203348
8022	79.40893176247577
8023	40.23220768074402
8025	44.74180466264721
8028	138.27386600975393
8060	312.16360391242154
8067	71.93143368101886
8078	105.85047781652845
8082	324.5018524250609
8088	141.28222808661502
8103	245.13764110198525
8166	317.2239854216239
8167	199.14944477664469
8187	68.11732521409783
8334	280.4704349618896
8353	289.8691773585371
8355	250.04712760376404
8368	106.32126950156385
8377	596.5034978386428
8408	357.6526757851404
8495	32.66109785515014
8504	419.92786159260436
8522	576.6059367120954
8840	208.78551426937153
9058	208.1273378110227
9163	633.0054339418145
9253	198.9743133157815
9316	181.89686959988114
9339	44.4910865385619
9351	198.3272782165742
9356	368.7189177399394
9381	142.33640844321673
9388	54.9826735564811
9391	144.6988292090716
9402	67.83450123522874
9477	288.8778561621987
9606	261.4063728767827
9611	74.45845466131829
9706	161.1531944813245
9730	188.29653552599342
9833	303.2947448190807
9895	114.25011538995464
9967	27.09556489195554
9971	101.7555148061878
10013	133.8684759375578
10045	157.39029948558323
10106	232.20350416268113
10192	264.34921972843335
10623	456.93706098301357
10633	380.6827638924172
10693	158.15794259608126
10765	18.556900419536344
10786	128.2568094704053
10791	154.60917935370887
11232	400.6760736296125
11285	291.63255276888816
11296	164.4745014384178
11361	284.59092627148584
11380	218.65006170291818
11466	369.2650069193628
11494	33.609809994076066
11579	295.6869577391173
11665	107.3820478961358
11772	441.44641090849836
11930	76.98044902481962
11968	391.5742729186044
12027	317.4813121260669
12032	76.42314514854591
12034	56.61425760905689
12061	81.09145676719373
12062	99.03000513078699
12069	113.69365920187532
12070	68.83363802696967
12072	77.23878464336069
12076	92.84384773914286
12100	122.59567147428628
12101	64.565748497599
12113	96.26654882524858
12118	292.44975772392985
12123	56.527039251396694
12157	201.59071184544962
12176	197.6093249145615
12181	44.966618025508296
12202	141.9837579492257
12207	171.1200071991982
12232	304.7879681685225
12233	536.8842952818437
12240	199.71708051007363
12241	306.03975846883736
12243	219.13886418970313
12246	152.32502683117988
12281	761.4689366922826
12306	173.50018925691177
12366	276.8917159855362
12448	485.84406373716183
12475	72.2547023876306
12578	206.6459516938027
12674	235.35277647814195
12681	91.09987021441286
12720	165.58562982478813
12737	280.3940935241023
12750	400.5085215643816
12772	136.94765992269362
12980	512.7979391374864
12984	84.11755564363052
13040	104.5976455133515
13072	46.88374677435847
13076	184.29344174024547
13159	327.4344761416068
13169	59.289794218233084
13294	89.52103069020278
13373	478.8545299063878
13378	128.03619271439055
13394	369.66229798256836
13395	267.4868191092071
13396	86.69292270952872
13397	76.57620937459357
13399	304.830812813878
13414	175.67306941977887
13428	149.43273433331186
13465	176.05182344179656
13525	288.9884356481529
13574	271.64594081133805
13617	322.5721041106207
13682	654.0617918798689
13722	151.92252110645612
13765	507.7722166976099
13774	473.98651686220273
13802	176.36916482287782
13806	327.8257353676341
13969	105.67921175533115
13986	170.78993986571842
14059	498.11199880702554
14073	50.1014889328719
14114	209.52168494867863
14161	92.08106248967037
14307	132.86119922250643
14369	314.448910858856
14378	356.1465525395303
14380	224.89213145320878
14389	108.505440491898
14396	280.20691878220504
14533	200.89515176427932
14543	52.19706748341082
14551	29.680396195888928
14552	23.712499059691588
14607	420.0200400193714
14647	220.74635856608336
14653	450.91901005581497
14668	109.50409502314378
14711	244.0869147682234
14726	247.75614407372504
14734	223.3291366180266
14749	297.8589209610194
14750	440.64798845331114
14752	399.487591771034
14774	21.881177533468946
14849	398.40818191530434
14889	671.2914380706786
14914	204.41412979618764
14971	52.33135960251788
15028	90.89110528602819
15123	326.8394451207341
15199	123.28321608636679
15271	171.9937101486179
15316	125.71519808014706
15361	286.1061992787145
15362	180.49915038838063
15379	71.62203629331486
15443	167.71960101793306
15578	125.62062626879863
15660	294.7844630121724
15665	63.7904788746559
15683	142.91258769460606
15719	198.64713986864052
15791	287.7044968522869
15931	212.49844426664612
15942	416.60888807369605
16216	116.17296631004359
16223	35.62044707665689
16229	193.95287908852933
16243	421.04444711368046
16317	451.9580008259495
16449	136.3430032094263
16558	231.199705078473
16643	140.44828553413132
16647	65.38916099974061
16649	44.892534396437185
16657	167.30051540544326
16674	315.5342520720872
16675	60.332536848861885
16678	27.237254991759663
16696	91.18424150542933
16699	78.65078228848441
16716	400.77395546614514
16760	584.716033296624
16766	239.59739241578936
16767	311.37230037610055
16775	352.1531607659051
16779	797.190827190472
16838	297.15258887463983
16846	540.3152365021607
16854	492.4546426185896
16920	127.96324893053908
16992	186.06243721569555
17060	419.5750293077669
17131	95.01230470006831
17166	68.59853705054464
17250	163.710168500062
17268	1033.3569552153178
17276	218.15426186534992
17341	82.93226549142483
17355	288.1922422078175
17546	365.83420197965444
17561	327.4305883255472
17626	172.9337762527973
17717	214.83033864587506
17745	259.29193640608554
17747	141.73067643895862
17752	319.9269667408769
17756	67.8477233329819
17792	288.3506940765963
17794	70.55128764923975
17796	45.61066914339674
17805	74.49467137133351
17821	70.04985459932945
17831	54.28378250731224
17862	1075.235139349142
17951	151.39163150128067
17965	254.1199707595843
18023	216.53913192674196
18115	174.5912355093205
18172	152.74839865526064
18224	215.064710103647
18327	467.43216891693623
18353	259.0257661322934
18435	230.6432054428976
18450	450.8004988349654
18476	43.8304279916032
18568	648.5832330669301
18597	168.26407201672677
18606	909.3024548869157
18623	327.110335681441
18630	666.0662903840566
18657	116.36270698535843
18671	651.5410356762948
18858	423.02390183871455
18859	418.527970858919
18926	289.7935402200733
18964	405.2962195225041
18987	279.80890665174417
19004	394.960495765745
19042	100.68731451316413
19052	214.04703920549662
19053	128.19652114842293
19106	59.19969426377016
19110	193.05048542803604
19112	247.99464888488174
19122	80.2495710528592
19127	330.13892775118904
19132	117.55289843345363
19136	55.68328747799171
19180	111.88101078010834
19184	37.316117169703354
19185	40.533123504568586
19222	224.46233051600638
19230	300.9406456875639
19271	346.15773799803236
19273	61.87461536643604
19276	68.81063885449059
19291	346.1123414192257
19296	287.22075014598346
19300	209.62949506000498
19338	38.49779764355237
19378	168.36161065672604
19457	425.4836254887338
19497	315.61254608516816
19528	159.53394874843104
19571	362.9214908304649
19574	50.909667749450655
19590	285.4187216007101
19603	335.0656844237254
19622	97.81611965597165
19636	260.03418599688746
19637	187.5296549724263
19708	198.74251097184748
19722	66.450378046462
19766	263.05386661711464
19811	149.97065484515844
19978	325.89342975883073
20189	233.97802165385053
20216	171.55489389403164
20226	248.02618284553253
20257	502.95532115094136
20273	359.9350782872196
20311	182.6923257385809
20337	170.69599574092587
20381	115.47895384863791
20391	105.49196362821333
20487	516.6127805368321
20503	147.31159057849268
20559	193.05770511117814
20582	774.8180253768371
20585	302.94935768390343
20901	397.98722538639606
21061	224.00323495988135
21139	151.09059522412986
21182	237.458927720975
21184	347.3470911906814
21216	420.43501997420594
21228	419.7413031486406
21238	211.19548839025373
21242	887.514526654649
21244	398.1427328346033
21255	326.5615585410231
21256	151.93451644087665
21260	187.9596220580457
21263	125.40453158407925
21274	242.05454347796578
21276	326.07198742317115
21292	309.9065545545615
21294	65.13933278232611
21295	61.617981364627305
21297	67.30374347174568
21299	50.16087367768359
21301	132.93462877393236
21302	458.0287872004527
21303	125.45280131742709
21304	42.940582374435365
21306	101.3366924259117
21307	80.01340185371632
21312	183.68795256899637
21342	237.8743418082166
21344	130.02692289714486
21347	27.076709046294315
21362	455.44849597292927
21367	85.21626772224208
21373	317.4871499160081
21374	104.14409825125391
21378	93.22449038182647
